---
header: 
  seq: 1498
  stamp: 
    secs: 1727016282
    nsecs: 204358107
  frame_id: "hdr_cam_front"
height: 1280
width: 1920
distortion_model: "radtan"
D: [-0.16434127415921757, 0.026880263864339487, -0.004791904119364893, 0.0007664970542509745]
K: [612.1839626116123, 0.0, 1016.1836308164424, 0.0, 600.2954781717882, 671.9865842689532, 0.0, 0.0, 1.0]
R: [1.0, 0.0, 0.0, 0.0, 1.0, 0.0, 0.0, 0.0, 1.0]
P: [859.6767270584465, 0.0, 916.2221759734231, 0.0, 0.0, 970.6574047708339, 644.6715355648768, 0.0, 0.0, 0.0, 1.0, 0.0]
binning_x: 0
binning_y: 0
roi: 
  x_offset: 0
  y_offset: 0
  height: 0
  width: 0
  do_rectify: False
---

